147
189
131
156
121
193
195
153
154
154
121
103
137
187
160
113
199
120
193
136
197
130
166
137
118
126
125
153
108
175
145
124
191
165
142
134
118
106
137
180
188
177
104
168
122
160
104
169
170
173
123
112
173
151
131
183
182
117
119
177
172
136
100
128
121
198
162
123
133
160
189
146
129
142
119
149
104
106
187
176
184
193
123
163
121
180
147
173
152
189
165
121
125
142
136
112
156
133
177
174
125
106
188
145
136
188
156
170
103
170
115
148
134
112
101
114
187
124
135
102
150
162
114
138
144
119
165
170
165
105
111
173
105
157
151
155
134
128
111
188
122
131
141
137
157
121
132
168
174
103
133
159
123
151
105
125
100
117
190
113
181
111
182
113
143
176
174
136
149
111
135
128
152
147
135
158
164
143
169
134
129
138
187
194
165
158
159
108
144
121
170
136
175
147
123
124
128
188
149
115
180
186
